28
28
26
24
24
24
28
26
24
26
26
28
24
24
25
24
26
26
22
22
22
22
22
24
22
26
24
22
20
18
24
22
28
30
24
28
22
24
24
22
24
22
24
24
24
22
24
24
24
26
28
30
26
22
22
22
24
24
22
28
24
24
24
28
28
28
28
26
26
26
26
26
26
28
26
24
30
24
24
24
24
24
24
24
27
28
24
30
24
24
24
25
30
30
28
25
25
30
25
30
24
24
24
24
24
22
30
28
30
28
24
25
22
30
25
30
29
18
24
24
24
27
24
24
24
24
24
24
30
30
24
24
24
24
26
24
24
25
24
24
24
30
26
24
30
28
22
25
26
26