70
70
60
80
70
70
70
70
70
60
60
60
70
80
60
70
70
60
70
60
60
70
60
70
60
70
60
60
70
70
60
60
60
50
50
60
60
70
60
70
60
70
60
60
60
60
70
60
50
60
70
60
70
60
70
70
60
60
60
60
50
50
50
60
60
60
60
60
60
50
50
50
50
50
60
30
50
60
70
60
60
60
40
30
60
60
60
60
60
60
50
30
60
70
40
60
30
60
40
60
60
60
60
60
60
70
10
60
70
40
60
70
60
60
60
70
20
30
60
80
70
50
70
80
70
80
70
80
20
15
60
75
90
40
30
75
80
70
75
80
70
15
70
70
15
75
80
70
80
60